#include <stdbool.h>
#include <math.h>
#include <stdio.h>
#include "pred_controller.h"

void offline(float x_kk[4],float y_ref_kk[2*Nh], float u_kk[3*Nh],float y_hat[2*Nh][3*Nh] , float r_hat[2*Nh][4] , float v_mul_h_inv[3*Nh][3*Nh], float v_gen[3*Nh][3*Nh],float h_hat_inv[3*Nh][3*Nh])

{


	if (Nh == 1){




float buff_x_kk[4]={0.572324812,
					1.01693383,
					0.926089615,
					-0.035698765
};



float buff_y_ref_kk[2*Nh]={0.417210624,
						0.9147559104
};


float buff_u_kk[3*Nh]={0,
					   1,
					  -1

};




float buff_y_hat[2*Nh][3*Nh]={
		{0.019823704746307,  -0.009911846600685,  -0.009911858145621},
		{-0.000000006665472,   0.017167835240160,  -0.017167828574688}
};

float buff_r_hat[2*Nh][4]={
		{0.999411495568444,   0.000001008309604,   0.000224902693822,   0.029430909213924},
		{-0.000001008309604,   0.999411495568444,  -0.029430909213924,   0.000224902693822}
};



float buff_v_mul_h_inv[3*Nh][3*Nh]={
		{11.799919056795,   0.331389297877,   0.3313892978},
		{0,  11.795264765,   0.32220964},
		{0,   0,  11.7908630654}
};


float buff_v_gen[3*Nh][3*Nh]={
		{0.084746344037341,                   0,                   0},
		{-0.002380958122376,   0.084779784083682,                   0},
		{ -0.002316782379286,  -0.002316782379286,   0.084811433603429}
};


float buff_h_hat_inv[3*Nh][3*Nh]={
		{1.392380897469356,   0.039103668912381,   0.039103668912381},
		{0.039103668912381,   1.392380897469355,   0.039103668912381},
		{0.039103668912381,   0.039103668912381,   1.392380897469356}
};











	for (int row=0 ; row < x_kk_row ; row++)
		{

			x_kk[row]=buff_x_kk[row];

		}

	for (int row=0 ; row < y_ref_kk_row ; row++)
		{

			y_ref_kk[row]=buff_y_ref_kk[row];

		}

	for (int row=0 ; row < u_kk_row ; row++)
		{

			u_kk[row]=buff_u_kk[row];

		}

	for (int row=0 ;row < y_hat_row ; row++)
		for (int col=0 ;col < y_hat_col ; col++)
		{

			y_hat[row][col]=buff_y_hat[row][col];

		}

	for (int row=0 ;row < r_hat_row ; row++)
		for (int col=0 ;col < r_hat_col ; col++)
		{

			r_hat[row][col]=buff_r_hat[row][col];

		}

	for (int row=0 ;row < v_mul_h_inv_row ; row++)
		for (int col=0 ;col < v_mul_h_inv_row ; col++)
		{

			v_mul_h_inv[row][col]=buff_v_mul_h_inv[row][col];

		}


	for (int row=0 ;row < v_gen_row ; row++)
		for (int col=0 ;col < v_gen_col ; col++)
		{

			v_gen[row][col]=buff_v_gen[row][col];

		}

	for (int row=0 ;row < h_hat_inv_row ; row++)
		for (int col=0 ;col < h_hat_inv_col ; col++)
		{

			h_hat_inv[row][col]=100*buff_h_hat_inv[row][col];

		}
	}
/////////////////////////////////////////////////////////////////////////////////

	if (Nh == 2){




float buff_x_kk[4]={
		   0.460533290301260,
		   0.959486129246064,
		   0.913337609603815,
		  -0.038125942387485,

};



float buff_y_ref_kk[2*Nh]={
		   0.420127061483908,
		   0.913420129421335,
		   0.412940192609615,
		   0.916691593694807,
};


float buff_u_kk[3*Nh]={
						 0,
						 1,
						-1,
						 0,
						 1,
						-1
};




float buff_y_hat[2*Nh][3*Nh]={
		{0.019823704746307,  -0.009911846600685,  -0.009911858145621,    0,        0 ,      0},
		{-0.000000006665472,   0.017167835240160,  -0.017167828574688,   0,         0,        0},
		{0.019812038613316,  -0.009905978914071,  -0.009906059699244,   0.019823704746307,  -0.009911846600685,  -0.009911858145621},
		{-0.000000046641341,   0.017157752060560,  -0.017157705419219,  -0.000000006665472,  0.017167835240160,  -0.017167828574688}
};

float buff_r_hat[2*Nh][4]={
		{0.999411495568444,   0.000001008309604,   0.000224902693822,   0.029430909213924},
		{-0.000001008309604,   0.999411495568444,  -0.029430909213924,   0.000224902693822},
		{0.998823360797614,   0.000004031515374,   0.000680740880598,   0.058840966314064},
		{-0.000004031515374,   0.998823360797614,  -0.058840966314064,   0.000680740880598}
};



float buff_v_mul_h_inv[3*Nh][3*Nh]={
		{10.898136436041350,   1.297902899127020,   1.297902899127021,   9.877337049561190,   1.808303484078984,   1.80830170065521},
		  {-0.000000000000000,  10.820574191927602,   1.151525854252091,   0.636499887790060,   9.731236308600955,   1.604363849788678},
		  {-0.000000000000000,   0.000000000000000,  10.759127011519043,   0.572013659786118,   0.572011661076111,   9.615101690656816},
		  {-0.000000000000002,   0.000000000000000,   0.000000000000000,  11.799919056795924,   0.331389297877090,   0.331389297877091},
			  {                0,  -0.000000000000002,                   0,                   0,  11.795264765158434,   0.322209640915981},
		  {-0.000000000000000,   0.000000000000000,  -0.000000000000002 ,                  0  ,                 0 , 11.790863065420146}
};


float buff_v_gen[3*Nh][3*Nh]={

		   {0.091758807193209,                   0,                   0,                   0,                   0,                   0},
		  {-0.011006257132394,   0.092416537446416,                   0,                   0,                   0,                   0},
		  {-0.009891140063322,  -0.009891140063322,   0.092944343804973,                  0,                   0,                   0},
		  {-0.075735207415808,  -0.004505560439153,  -0.004505576182379,   0.084746344037341,                   0,                   0},
		  {-0.002379564817325,  -0.075638507528977,  -0.004380753615004,  -0.002380958122376,   0.084779784083682,                   0},
		  {-0.002315410873709,  -0.002315427059412,  -0.075547030911736,  -0.002316782379286,  -0.002316782379286,   0.084811433603429}

};


float buff_h_hat_inv[3*Nh][3*Nh]={

		{1.187693777785720,   0.141447228754199,   0.141447228754199 ,  1.076445667908839,   0.197071380872617 ,  0.197071186512661},
		   {0.141447228754199,   1.187693777785720,   0.141447228754199,   0.197071186512661 ,  1.076445667908839,   0.197071380872617},
		   {0.141447228754199,   0.141447228754199,   1.187693777785721,   0.197071380872617 ,  0.197071186512661,   1.076445667908840},
		   {1.076445667908839,   0.197071186512661,   0.197071380872617,   2.375322086717083,   0.282927191935576,   0.282927191935576},
		   {0.197071380872617,   1.076445667908839,   0.197071186512661 ,  0.282927191935576,   2.375322086717083,   0.282927191935576},
		   {0.197071186512661,   0.197071380872617,  1.076445667908840 ,  0.282927191935576 ,  0.282927191935576,   2.375322086717084}
};











	for (int row=0 ; row < x_kk_row ; row++)
		{

			x_kk[row]=buff_x_kk[row];

		}

	for (int row=0 ; row < y_ref_kk_row ; row++)
		{

			y_ref_kk[row]=buff_y_ref_kk[row];

		}

	for (int row=0 ; row < u_kk_row ; row++)
		{

			u_kk[row]=buff_u_kk[row];

		}

	for (int row=0 ;row < y_hat_row ; row++)
		for (int col=0 ;col < y_hat_col ; col++)
		{

			y_hat[row][col]=buff_y_hat[row][col];

		}

	for (int row=0 ;row < r_hat_row ; row++)
		for (int col=0 ;col < r_hat_col ; col++)
		{

			r_hat[row][col]=buff_r_hat[row][col];

		}

	for (int row=0 ;row < v_mul_h_inv_row ; row++)
		for (int col=0 ;col < v_mul_h_inv_row ; col++)
		{

			v_mul_h_inv[row][col]=buff_v_mul_h_inv[row][col];

		}


	for (int row=0 ;row < v_gen_row ; row++)
		for (int col=0 ;col < v_gen_col ; col++)
		{

			v_gen[row][col]=buff_v_gen[row][col];

		}

	for (int row=0 ;row < h_hat_inv_row ; row++)
		for (int col=0 ;col < h_hat_inv_col ; col++)
		{

			h_hat_inv[row][col]=100*buff_h_hat_inv[row][col];

		}
	}

///////////////////////////////////////////////////////////////////

	if (Nh == 3){




	float buff_x_kk[4]={
		    0.4404,
		    0.9139,
		    0.9124,
		   -0.0438,

	};



	float buff_y_ref_kk[2*Nh]={
			0.4258,
			0.9108,
			0.4186,
			0.9141,
			0.4114,
			0.9174
	};


	float buff_u_kk[3*Nh]={
		     	 	 	 	 0,
							 1,
							 -1,
							 0,
							 1,
							 -1,
							 0,
							 1,
							 -1,
	};




	float buff_y_hat[2*Nh][3*Nh]={
			{ 0.0198,   -0.0099,   -0.0099,         0,         0,         0,         0,         0 ,        0},
		    {-0.0000 ,   0.0172,   -0.0172,         0,         0,         0,         0,         0,         0},
		    {0.0198 ,  -0.0099,   -0.0099,    0.0198,   -0.0099,   -0.0099,         0,         0,         0},
		    {-0.0000 ,   0.0172,   -0.0172,   -0.0000,    0.0172,   -0.0172,         0,         0,         0},
		    {0.0198  , -0.0099,   -0.0099,    0.0198,   -0.0099,   -0.0099,    0.0198,   -0.0099,   -0.0099},
		    {-0.0000 ,   0.0171,   -0.0171,   -0.0000,    0.0172,   -0.0172,   -0.0000,    0.0172,   -0.0172},
	};

	float buff_r_hat[2*Nh][4]={
			{ 0.9994,    0.0000,    0.0002,    0.0294},
		   {-0.0000,    0.9994,   -0.0294 ,   0.0002},
			{ 0.9988,    0.0000,    0.0007,    0.0588},
		   {-0.0000,    0.9988,   -0.0588,    0.0007},
		    {0.9982,    0.0000,    0.0014,    0.0882},
		   {-0.0000,    0.9982,   -0.0882,    0.0014},
	};



	float buff_v_mul_h_inv[3*Nh][3*Nh]={
			 	 {10.1026,    2.2270,    2.2270,    7.6689,    3.4439,    3.4439,    6.8013,    3.8777,    3.8776},
			 	 { -0.0000,    9.8540,    1.7799,    1.7975,    7.0840,    2.7524,    2.4384,    6.0965,    3.0991},
			     {-0.0000,    0.0000,    9.6920,    1.4975,    1.4975,    6.6970,    2.0314,    2.0313,    5.6293},
			    {0.0000,    0.0000,    0.0000,   10.8981,    1.2979,    1.2979,    9.8773,    1.8083,    1.8083},
			    {0.0000,   -0.0000,   -0.0000,    0.0000,   10.8206,    1.1515,    0.6365,    9.7312,    1.6044},
			    {0.0000,   -0.0000,    0.0000,    0.0000,    0.0000,   10.7591,    0.5720,    0.5720,    9.6151},
			   {-0.0000,   -0.0000,   -0.0000,    0.0000,    0.0000,   -0.0000,   11.7999,    0.3314,    0.3314},
			   {-0.0000,   -0.0000,   -0.0000,   -0.0000,   -0.0000,   -0.0000,         0,   11.7953,    0.3222},
			   {-0.0000,   -0.0000,   -0.0000,   -0.0000,   -0.0000,   -0.0000,    0.0000,   -0.0000,   11.7909},
	};


	float buff_v_gen[3*Nh][3*Nh]={

			{ 0.0990,        0,         0,         0,         0,         0,         0,         0,         0},
		   {-0.0224,    0.1015,         0,         0,         0,         0,         0,         0,         0},
		   {-0.0186,   -0.0186,    0.1032,         0,         0,         0,         0,         0,         0},
		   {-0.0634,   -0.0142,   -0.0142,    0.0918,         0,         0,         0,         0,         0},
		   {-0.0067,   -0.0622,   -0.0126,   -0.0110,    0.0924,         0,         0,         0,         0},
		   {-0.0060,   -0.0060,   -0.0612,   -0.0099,   -0.0099,    0.0929,         0,         0,         0},
		    {0.0045,   -0.0023,   -0.0023,   -0.0757,   -0.0045,   -0.0045,    0.0847,         0,         0},
		   {-0.0024,    0.0046,   -0.0022,   -0.0024,   -0.0756,   -0.0044,   -0.0024,    0.0848,         0},
		   {-0.0023 ,  -0.0023,    0.0046,   -0.0023,   -0.0023,   -0.0755,   -0.0023,   -0.0023,    0.0848},

	};


	float buff_h_hat_inv[3*Nh][3*Nh]={

			  {102.0618,   22.4985,   22.4985,   77.4752,   34.7918,   34.7918,   68.7104,   39.1743,   39.1742},
			   {22.4985,  102.0618,   22.4985,   34.7918,   77.4752,   34.7918,   39.1742,   68.7104,   39.1743},
			   {22.4985,   22.4985,  102.0618,   34.7918,   34.7918,   77.4752,   39.1743,   39.1742,   68.7104},
			   {77.4752,   34.7918,   34.7918,  183.0546,   55.5315,   55.5315,  167.2277,   63.4450,   63.4449},
			   {34.7918 ,  77.4752,   34.7918,   55.5315,  183.0546,   55.5315,   63.4449,  167.2277,   63.4450},
			   {34.7918 ,  34.7918,   77.4752,   55.5315,   55.5315,  183.0546,   63.4450,   63.4449,  167.2277},
			   {68.7104 ,  39.1742,   39.1743,  167.2277,   63.4449,   63.4450,  293.8616,   73.6574,   73.6574},
			   {39.1743 ,  68.7104,   39.1742,   63.4450,  167.2277,   63.4449,   73.6574,  293.8616,   73.6574},
			   {39.1742 ,  39.1743,   68.7104,   63.4449,   63.4450,  167.2277,   73.6574,   73.6574,  293.8616},
	};











		for (int row=0 ; row < x_kk_row ; row++)
			{

				x_kk[row]=buff_x_kk[row];

			}

		for (int row=0 ; row < y_ref_kk_row ; row++)
			{

				y_ref_kk[row]=buff_y_ref_kk[row];

			}

		for (int row=0 ; row < u_kk_row ; row++)
			{

				u_kk[row]=buff_u_kk[row];

			}

		for (int row=0 ;row < y_hat_row ; row++)
			for (int col=0 ;col < y_hat_col ; col++)
			{

				y_hat[row][col]=buff_y_hat[row][col];

			}

		for (int row=0 ;row < r_hat_row ; row++)
			for (int col=0 ;col < r_hat_col ; col++)
			{

				r_hat[row][col]=buff_r_hat[row][col];

			}

		for (int row=0 ;row < v_mul_h_inv_row ; row++)
			for (int col=0 ;col < v_mul_h_inv_row ; col++)
			{

				v_mul_h_inv[row][col]=buff_v_mul_h_inv[row][col];

			}


		for (int row=0 ;row < v_gen_row ; row++)
			for (int col=0 ;col < v_gen_col ; col++)
			{

				v_gen[row][col]=buff_v_gen[row][col];

			}

		for (int row=0 ;row < h_hat_inv_row ; row++)
			for (int col=0 ;col < h_hat_inv_col ; col++)
			{

				h_hat_inv[row][col]=buff_h_hat_inv[row][col];

			}
		}



	///////////////////////////////////////////////////////////////////

		if (Nh == 4){




		float buff_x_kk[4]={
				   0.453791157075270,
				   0.920280216816461,
				   0.911778949220752,
				  -0.050291341241626,

		};



		float buff_y_ref_kk[2*Nh]={
				0.432312679719690,
				0.907716270415361,
				0.425170232555547,
				0.911083615247170,
				0.418001558888730,
				0.914394760150004,
				0.410807100916797,
				0.917649500876848
		};


		float buff_u_kk[3*Nh]={
			     	 	 	 	 0,
								 1,
								 -1,
								 0,
								 1,
								 -1,
								 0,
								 1,
								 -1,
								 0,
								 1,
								 -1
		};




		float buff_y_hat[2*Nh][3*Nh]={
			    {0.0198,   -0.0099,   -0.0099,         0,         0,         0,         0,         0,         0,         0,         0,         0},
			   {-0.0000,    0.0172,   -0.0172,         0,         0,         0,         0,         0,         0,         0,         0,         0},
			    {0.0198,   -0.0099,   -0.0099,    0.0198,   -0.0099,   -0.0099,         0,         0,         0,         0,         0,         0},
			   {-0.0000,    0.0172,   -0.0172,   -0.0000,    0.0172,   -0.0172,         0,         0,         0,         0,         0,         0},
			    {0.0198,   -0.0099,   -0.0099,    0.0198,   -0.0099,   -0.0099,    0.0198,   -0.0099,   -0.0099,         0,         0,        0},
			   {-0.0000,    0.0171,   -0.0171,   -0.0000,    0.0172,   -0.0172,   -0.0000,    0.0172,   -0.0172,         0,         0,         0},
			    {0.0198,   -0.0099,   -0.0099,    0.0198,   -0.0099,   -0.0099,    0.0198,   -0.0099,   -0.0099,    0.0198,   -0.0099,   -0.0099},
			   {-0.0000,    0.0171,   -0.0171,   -0.0000,    0.0171,   -0.0171,   -0.0000,    0.0172,   -0.0172,   -0.0000,    0.0172,   -0.0172},
		};

		float buff_r_hat[2*Nh][4]={
			    {0.9994,    0.0000,    0.0002,    0.0294},
			   {-0.0000,    0.9994,   -0.0294,    0.0002},
			    {0.9988,    0.0000,    0.0007,    0.0588},
			   {-0.0000,    0.9988,   -0.0588,    0.0007},
			    {0.9982,    0.0000,    0.0014,    0.0882},
			   {-0.0000,    0.9982,   -0.0882,    0.0014},
			    {0.9976,    0.0000,    0.0023,    0.1176},
			   {-0.0000,    0.9976,   -0.1176,    0.0023},
		};



		float buff_v_mul_h_inv[3*Nh][3*Nh]={
			    {9.7928,    2.6122,    2.6122,    6.5996,    4.2087,    4.2087,    5.0237,    4.9967,    4.9967,    4.5126,    5.2523,    5.2522},
			   {-0.0000,    9.4379,    1.9874,    2.5404,    5.6829,    3.2021,    3.7941,    3.8296,    3.8016,    4.2007,    3.2286,    3.9960},
			    { 0.0000,   -0.0000,    9.2263,    2.0514,    2.0514,    5.1235,    3.0639,    3.0639,    3.0985,    3.3922,    3.3922,    2.4419},
			    {0.0000,    0.0000,    0.0000,   10.1026,    2.2270,    2.2270,    7.6689,    3.4439,    3.4439,    6.8013,    3.8777,    3.8776},
			    {0.0000,    0.0000,    0.0000,    0.0000,    9.8540,    1.7799,    1.7975,    7.0840,    2.7524,    2.4384,    6.0965,    3.0991},
			   {-0.0000,   -0.0000,    0.0000,   -0.0000,   -0.0000,    9.6920,    1.4975,    1.4975,    6.6970,    2.0314,    2.0313,    5.6293},
			   {-0.0000,   -0.0000,   -0.0000,   -0.0000,    0.0000,    0.0000,   10.8981,    1.2979,    1.2979,    9.8773,    1.8083,    1.8083},
			   {-0.0000,   -0.0000,   -0.0000,   -0.0000,    0.0000,   -0.0000,   -0.0000,   10.8206,    1.1515,    0.6365,    9.7312,    1.6044},
			    {0.0000,   -0.0000,    0.0000,    0.0000,    0.0000,    0.0000,         0,    0.0000,   10.7591,    0.5720,    0.5720,    9.6151},
			    {0.0000,   -0.0000,    0.0000,         0,   -0.0000,    0.0000,    0.0000,    0.0000,         0,   11.7999,    0.3314,    0.3314},
			    {0.0000,         0,    0.0000,    0.0000,    0.0000,   -0.0000,    0.0000,    0.0000,    0.0000,         0,   11.7953,    0.3222},
			    {0.0000,   0.0000,   0.0000,    0.0000,    0.0000,   -0.0000,         0,    0.0000,         0,         0,   -0.0000,   11.7909},
		};


		float buff_v_gen[3*Nh][3*Nh]={

			    {0.1021,         0,         0,         0,         0,         0,         0,         0,         0,         0,         0,         0},
			   {-0.0283,    0.1060,         0,         0,         0,         0,         0,         0,         0,         0,         0,         0},
			   {-0.0228,   -0.0228,    0.1084,         0,         0,         0,         0,         0,         0,         0,         0,         0},
			   {-0.0550,   -0.0220,   -0.0220,    0.0990,         0,         0,         0,         0,         0,         0,         0,         0},
			   {-0.0101,   -0.0514,   -0.0176,   -0.0224,    0.1015,         0,         0,         0,         0,         0,         0,         0},
			   {-0.0084,   -0.0084,  -0.0490,   -0.0186,   -0.0186,    0.1032,         0,         0,         0,         0,         0,         0},
			    {0.0107,   -0.0053,   -0.0053,   -0.0634,   -0.0142,   -0.0142,    0.0918,         0,         0,         0,         0,         0},
			   {-0.0067,    0.0114,   -0.0047,   -0.0067,   -0.0622,   -0.0126,   -0.0110,    0.0924,         0,         0,         0,         0},
			   {-0.0060,   -0.0060,    0.0120,   -0.0060,   -0.0060,   -0.0612,   -0.0099,   -0.0099,    0.0929,         0,         0,         0},
			    {0.0045,   -0.0022,   -0.0022,    0.0045,   -0.0023,   -0.0023,   -0.0757,   -0.0045,   -0.0045,    0.0847,         0,         0},
			   {-0.0024,    0.0046,   -0.0022,   -0.0024,    0.0046,   -0.0022,   -0.0024,   -0.0756,   -0.0044,   -0.0024,    0.0848,         0},
			   {-0.0023,   -0.0023,    0.0046,   -0.0023,   -0.0023,    0.0046,   -0.0023,   -0.0023,   -0.0755,   -0.0023,   -0.0023,    0.0848},

		};


		float buff_h_hat_inv[3*Nh][3*Nh]={

				   {95.8982,   25.5803,   25.5803,   64.6286,   41.2152,   41.2151,   49.1956,   48.9317,   48.9315,   44.1908,   51.4341,   51.4339},
				   {25.5803,   95.8982,   25.5803,   41.2151,   64.6286,   41.2152,   48.9315,   49.1956,   48.9317,   51.4339,   44.1908,   51.4341},
				   {25.5803,   25.5803,   95.8982,   41.2152,   41.2151,   64.6286,   48.9317,   48.9315,   49.1956,   51.4341,   51.4339,   44.1908},
				   {64.6286,   41.2151,   41.2152,  156.2787,   68.9195,   68.9195,  126.5534,   83.7822,   83.7820,  116.1222,   88.9978,   88.9976},
				   {41.2152,   64.6286,   41.2151,   68.9195,  156.2787,   68.9195,   83.7820,  126.5534,   83.7822,   88.9976,  116.1222,   88.9978},
				   {41.2151,   41.2152,   64.6286,   68.9195,   68.9195,  156.2787,   83.7822,   83.7820,  126.5534,   88.9978,   88.9976,  116.1222},
				   {49.1956 ,  48.9315,   48.9317,  126.5534,   83.7820,   83.7822,  232.0749,  104.5508,  104.5508,  216.2292,  112.4737,  112.4736},
				   {48.9317,   49.1956,   48.9315,   83.7822,  126.5534,   83.7820,  104.5508,  232.0749,  104.5508,  112.4736,  216.2292,  112.4737},
				   {48.9315,   48.9317,   49.1956,   83.7820,   83.7822,  126.5534,  104.5508,  104.5508,  232.0749,  112.4737,  112.4736,  216.2292},
				   {44.1908,   51.4339,   51.4341,  116.1222,   88.9976,   88.9978,  216.2292,  112.4736,  112.4737,  343.3786,  122.4283,  122.4283},
				   {51.4341,   44.1908,   51.4339,   88.9978,  116.1222,   88.9976,  112.4737,  216.2292,  112.4736,  122.4283,  343.3786,  122.4283},
				   {51.4339,   51.4341,   44.1908,   88.9976,   88.9978,  116.1222,  112.4736,  112.4737,  216.2292,  122.4283,  122.4283,  343.3786},
		};











			for (int row=0 ; row < x_kk_row ; row++)
				{

					x_kk[row]=buff_x_kk[row];

				}

			for (int row=0 ; row < y_ref_kk_row ; row++)
				{

					y_ref_kk[row]=buff_y_ref_kk[row];

				}

			for (int row=0 ; row < u_kk_row ; row++)
				{

					u_kk[row]=buff_u_kk[row];

				}

			for (int row=0 ;row < y_hat_row ; row++)
				for (int col=0 ;col < y_hat_col ; col++)
				{

					y_hat[row][col]=buff_y_hat[row][col];

				}

			for (int row=0 ;row < r_hat_row ; row++)
				for (int col=0 ;col < r_hat_col ; col++)
				{

					r_hat[row][col]=buff_r_hat[row][col];

				}

			for (int row=0 ;row < v_mul_h_inv_row ; row++)
				for (int col=0 ;col < v_mul_h_inv_row ; col++)
				{

					v_mul_h_inv[row][col]=buff_v_mul_h_inv[row][col];

				}


			for (int row=0 ;row < v_gen_row ; row++)
				for (int col=0 ;col < v_gen_col ; col++)
				{

					v_gen[row][col]=buff_v_gen[row][col];

				}

			for (int row=0 ;row < h_hat_inv_row ; row++)
				for (int col=0 ;col < h_hat_inv_col ; col++)
				{

					h_hat_inv[row][col]=buff_h_hat_inv[row][col];

				}
			}




}

